RECTIFICATION_TERMS
        3.00000000000000e+04 0.00000000000000e+00 1.00000000000000e+00
        1.00000000000000e+04 1.00000000000000e+00 0.00000000000000e+00
GROUND_ZERO 4.27444857125941e-01 -3.26805190989393e-01 0.00000000000000e+00
LOAD_PT 4.27444857125941e-01 -3.26805190989393e-01 0.00000000000000e+00
COORD_SYSTEM 1
IMAGE_MOTION 0
SENSOR_TYPE USGSAstroLineScanner
SEMI_MAJOR_AXIS 3.39619000000000e+006
ECCENTRICITY 1.08339143554195e-001
SENSOR_MODE UNKNOWN
FOCAL 1.19949988000000e+04
ATMCO 0.00000000000000e+00 0.00000000000000e+00 0.00000000000000e+00 0.00000000000000e+00
IOCOEF_LINE 3.00000000000000e+04 8.33750150333950e+01 0.00000000000000e+00 0.00000000000000e+00 0.00000000000000e+00 0.00000000000000e+00 0.00000000000000e+00 0.00000000000000e+00 0.00000000000000e+00 0.00000000000000e+00
IOCOEF_SAMPLE 1.00000000000000e+04 0.00000000000000e+00 8.33333333333333e+01 0.00000000000000e+00 0.00000000000000e+00 0.00000000000000e+00 0.00000000000000e+00 0.00000000000000e+00 0.00000000000000e+00 0.00000000000000e+00
ABERR    0
ATMREF   0
PLATFORM   1
SOURCE_FLAG  1
SINGLE_EPHEMERIDE  0
TRI_PARAMETERS
0.00000000000000e+00 0.00000000000000e+00 0.00000000000000e+00 0.00000000000000e+00 0.00000000000000e+00 0.00000000000000e+00 0.00000000000000e+00 0.00000000000000e+00 0.00000000000000e+00 0.00000000000000e+00 0.00000000000000e+00 0.00000000000000e+00 0.00000000000000e+00 0.00000000000000e+00 0.00000000000000e+00 1.19949988000000e+04 0.00000000000000e+00 0.00000000000000e+00
T_CENTER  0.0000000000000000000000000e+00
DT_EPHEM  3.7127483443708607369071473e-02
T0_EPHEM  -3.1558361053466796875000000e+00
NUMBER_OF_EPHEM   171
EPHEM_PTS
 3.1583473418521056883037090e+06 -1.1449404906639221590012312e+06 1.4931098874369680415838957e+06
 3.1582946622314476408064365e+06 -1.1449374556467956863343716e+06 1.4932256818566592410206795e+06
 3.1582419826107895933091640e+06 -1.1449344206296692136675119e+06 1.4933414762763504404574633e+06
 3.1581893029901315458118916e+06 -1.1449313856125427410006523e+06 1.4934572706960416398942471e+06
 3.1581366233694734983146191e+06 -1.1449283505954162683337927e+06 1.4935730651157328393310308e+06
 3.1580839437488154508173466e+06 -1.1449253155782897956669331e+06 1.4936888595354240387678146e+06
 3.1580312641281574033200741e+06 -1.1449222805611633230000734e+06 1.4938046539551152382045984e+06
 3.1579785845074993558228016e+06 -1.1449192455440368503332138e+06 1.4939204483748064376413822e+06
 3.1579259048868413083255291e+06 -1.1449162105269103776663542e+06 1.4940362427944976370781660e+06
 3.1578732252661832608282566e+06 -1.1449131755097839049994946e+06 1.4941520372141888365149498e+06
 3.1578205456455252133309841e+06 -1.1449101404926574323326349e+06 1.4942678316338800359517336e+06
 3.1577678660248671658337116e+06 -1.1449071054755309596657753e+06 1.4943836260535712353885174e+06
 3.1577151826854068785905838e+06 -1.1449040688298749737441540e+06 1.4944994186907862313091755e+06
 3.1576624956274670548737049e+06 -1.1449010305555753875523806e+06 1.4946152095452419016510248e+06
 3.1576098048513694666326046e+06 -1.1448979906525174155831337e+06 1.4947309986166560556739569e+06
 3.1575571103574358858168125e+06 -1.1448949491205860394984484e+06 1.4948467859047465026378632e+06
 3.1575044121459876187145710e+06 -1.1448919059596683364361525e+06 1.4949625714092303533107042e+06
 3.1574517102173459716141224e+06 -1.1448888611696485895663500e+06 1.4950783551298249512910843e+06
 3.1573990045718341134488583e+06 -1.1448858147504134103655815e+06 1.4951941370662485715001822e+06
 3.1573462952097742818295956e+06 -1.1448827667018484789878130e+06 1.4953099172182192560285330e+06
 3.1572935821314877830445766e+06 -1.1448797170238383114337921e+06 1.4954256955854517873376608e+06
 3.1572408653372959233820438e+06 -1.1448766657162695191800594e+06 1.4955414721676670014858246e+06
 3.1571881448275200091302395e+06 -1.1448736127790277823805809e+06 1.4956572469645801465958357e+06
 3.1571354206024836748838425e+06 -1.1448705582119978498667479e+06 1.4957730199759099632501602e+06
 3.1570826926625077612698078e+06 -1.1448675020150663331151009e+06 1.4958887912013728637248278e+06
 3.1570299610079145058989525e+06 -1.1448644441881189122796059e+06 1.4960045606406887527555227e+06
 3.1569772256390256807208061e+06 -1.1448613847310408018529415e+06 1.4961203282935721799731255e+06
 3.1569244865561621263623238e+06 -1.1448583236437174491584301e+06 1.4962360941597430501133204e+06
 3.1568717437596479430794716e+06 -1.1448552609260356985032558e+06 1.4963518582389175426214933e+06
 3.1568189972498030401766300e+06 -1.1448521965778789017349482e+06 1.4964676205308125354349613e+06
 3.1567662470269501209259033e+06 -1.1448491305991355329751968e+06 1.4965833810351481661200523e+06
 3.1567134930914109572768211e+06 -1.1448460629896891769021749e+06 1.4966991397516394499689341e+06
 3.1566607354435073211789131e+06 -1.1448429937494266778230667e+06 1.4968148966800051275640726e+06
 3.1566079740835619159042835e+06 -1.1448399228782332502305508e+06 1.4969306518199627753347158e+06
 3.1565552090118955820798874e+06 -1.1448368503759948071092367e+06 1.4970464051712292712181807e+06
 3.1565024402288300916552544e+06 -1.1448337762425972614437342e+06 1.4971621567335226573050022e+06
 3.1564496677346876822412014e+06 -1.1448307004779253620654345e+06 1.4972779065065600443631411e+06
 3.1563968915297901257872581e+06 -1.1448276230818654876202345e+06 1.4973936544900594744831324e+06
 3.1563441116144605912268162e+06 -1.1448245440543035510927439e+06 1.4975094006837382912635803e+06
 3.1562913279890194535255432e+06 -1.1448214633951252326369286e+06 1.4976251450873138383030891e+06
 3.1562385406537880189716816e+06 -1.1448183811042150482535362e+06 1.4977408877005032263696194e+06
 3.1561857496090908534824848e+06 -1.1448152971814607735723257e+06 1.4978566285230254288762808e+06
 3.1561329548552474007010460e+06 -1.1448122116267466917634010e+06 1.4979723675545975565910339e+06
 3.1560801563925803638994694e+06 -1.1448091244399584829807281e+06 1.4980881047949357889592648e+06
 3.1560273542214119806885719e+06 -1.1448060356209825258702040e+06 1.4982038402437588665634394e+06
 3.1559745483420635573565960e+06 -1.1448029451697042677551508e+06 1.4983195739007836673408747e+06
 3.1559217387548573315143585e+06 -1.1447998530860096216201782e+06 1.4984353057657293975353241e+06
 3.1558689254601141437888145e+06 -1.1447967593697835691273212e+06 1.4985510358383106067776680e+06
 3.1558161084570665843784809e+06 -1.1447936640213401988148689e+06 1.4986667641188865527510643e+06
 3.1557632877432098612189293e+06 -1.1447905670416743960231543e+06 1.4987824906088290736079216e+06
 3.1557104633184554986655712e+06 -1.1447874684308399446308613e+06 1.4988982153081013821065426e+06
 3.1556576351828309707343578e+06 -1.1447843681888426654040813e+06 1.4990139382165945135056973e+06
 3.1556048033363684080541134e+06 -1.1447812663156893104314804e+06 1.4991296593341988045722246e+06
 3.1555519677790985442698002e+06 -1.1447781628113857004791498e+06 1.4992453786608080845326185e+06
 3.1554991285110493190586567e+06 -1.1447750576759388204663992e+06 1.4993610961963117588311434e+06
 3.1554462855322528630495071e+06 -1.1447719509093544911593199e+06 1.4994768119406022597104311e+06
 3.1553934388427380472421646e+06 -1.1447688425116396974772215e+06 1.4995925258935703895986080e+06
 3.1553405884425346739590168e+06 -1.1447657324828000273555517e+06 1.4997082380551090463995934e+06
 3.1552877343316758051514626e+06 -1.1447626208228426985442638e+06 1.4998239484251087997108698e+06
 3.1552348765101879835128784e+06 -1.1447595075317730661481619e+06 1.4999396570034604519605637e+06
 3.1551820149781038053333759e+06 -1.1447563926095985807478428e+06 1.5000553637900569010525942e+06
 3.1551291497354521416127682e+06 -1.1447532760563250631093979e+06 1.5001710687847880180925131e+06
 3.1550762807822627946734428e+06 -1.1447501578719583339989185e+06 1.5002867719875478651374578e+06
 3.1550234081185678951442242e+06 -1.1447470380565060768276453e+06 1.5004024733982256148010492e+06
 3.1549705317443958483636379e+06 -1.1447439166099729482084513e+06 1.5005181730167136993259192e+06
 3.1549176516597773879766464e+06 -1.1447407935323668643832207e+06 1.5006338708429038524627686e+06
 3.1548647678647423163056374e+06 -1.1447376688236936461180449e+06 1.5007495668766868766397238e+06
 3.1548118803593204356729984e+06 -1.1447345424839586485177279e+06 1.5008652611179545056074858e+06
 3.1547589891435429453849792e+06 -1.1447314145131702534854412e+06 1.5009809535665987059473991e+06
 3.1547060942174396477639675e+06 -1.1447282849113335832953453e+06 1.5010966442225102800875902e+06
 3.1546531955810398794710636e+06 -1.1447251536784542258828878e+06 1.5012123330855811946094036e+06
 3.1546002932343753054738045e+06 -1.1447220208145398646593094e+06 1.5013280201557031832635403e+06
 3.1545473871774747967720032e+06 -1.1447188863195965532213449e+06 1.5014437054327672813087702e+06
 3.1544944774103690870106220e+06 -1.1447157501936305779963732e+06 1.5015593889166645240038633e+06
 3.1544415639330884441733360e+06 -1.1447126124366477597504854e+06 1.5016750706072880420833826e+06
 3.1543886467456612735986710e+06 -1.1447094730486553162336349e+06 1.5017907505045274738222361e+06
 3.1543357258481211028993130e+06 -1.1447063320296593010425568e+06 1.5019064286082757171243429e+06
 3.1542828012404954060912132e+06 -1.1447031893796657677739859e+06 1.5020221049184240400791168e+06
 3.1542298729228130541741848e+06 -1.1447000450986812356859446e+06 1.5021377794348625466227531e+06
 3.1541769408951085060834885e+06 -1.1446968991867129225283861e+06 1.5022534521574852988123894e+06
 3.1541240051574092358350754e+06 -1.1446937516437659505754709e+06 1.5023691230861817020922899e+06
 3.1540710657097450457513332e+06 -1.1446906024698468390852213e+06 1.5024847922208432573825121e+06
 3.1540181225521480664610863e+06 -1.1446874516649628058075905e+06 1.5026004595613633282482624e+06
 3.1539651756846462376415730e+06 -1.1446842992291194386780262e+06 1.5027161251076310873031616e+06
 3.1539122251072693616151810e+06 -1.1446811451623230241239071e+06 1.5028317888595398981124163e+06
 3.1538592708200509659945965e+06 -1.1446779894645807798951864e+06 1.5029474508169798646122217e+06
 3.1538063128238758072257042e+06 -1.1446748321355483494699001e+06 1.5030631109793062787503004e+06
 3.1537533511196337640285492e+06 -1.1446716731748769525438547e+06 1.5031787693458704743534327e+06
 3.1537003857073560357093811e+06 -1.1446685125825693830847740e+06 1.5032944259165665134787560e+06
 3.1536474165870705619454384e+06 -1.1446653503586277365684509e+06 1.5034100806912868283689022e+06
 3.1535944437588048167526722e+06 -1.1446621865030538756400347e+06 1.5035257336699261795729399e+06
 3.1535414672225895337760448e+06 -1.1446590210158489644527435e+06 1.5036413848523760680109262e+06
 3.1534884869784535840153694e+06 -1.1446558538970171939581633e+06 1.5037570342385310214012861e+06
 3.1534355030264239758253098e+06 -1.1446526851465597283095121e+06 1.5038726818282839376479387e+06
 3.1533825153665314428508282e+06 -1.1446495147644777316600084e+06 1.5039883276215267833322287e+06
 3.1533295239988029934465885e+06 -1.1446463427507744636386633e+06 1.5041039716181547846645117e+06
 3.1532765289232702925801277e+06 -1.1446431691054527182132006e+06 1.5042196138180610723793507e+06
 3.1532235301399589516222477e+06 -1.1446399938285127282142639e+06 1.5043352542211383115500212e+06
 3.1531705276488997042179108e+06 -1.1446368169199577532708645e+06 1.5044508928272789344191551e+06
 3.1531175214501209557056427e+06 -1.1446336383797894231975079e+06 1.5045665296363767702132463e+06
 3.1530645115436511114239693e+06 -1.1446304582080100663006306e+06 1.5046821646483258809894323e+06
 3.1530114979295190423727036e+06 -1.1446272764046220108866692e+06 1.5047977978630186989903450e+06
 3.1529584806077545508742332e+06 -1.1446240929696278180927038e+06 1.5049134292803483549505472e+06
 3.1529054595783855766057968e+06 -1.1446209079030281864106655e+06 1.5050290589002103079110384e+06
 3.1528524348414409905672073e+06 -1.1446177212048263754695654e+06 1.5051446867224939633160830e+06
 3.1527994063969501294195652e+06 -1.1446145328750242479145527e+06 1.5052603127470943145453930e+06
 3.1527463742449418641626835e+06 -1.1446113429136238992214203e+06 1.5053759369739065878093243e+06
 3.1526933383854436688125134e+06 -1.1446081513206271920353174e+06 1.5054915594028211198747158e+06
 3.1526402988184862770140171e+06 -1.1446049580960366874933243e+06 1.5056071800337331369519234e+06
 3.1525872555440971627831459e+06 -1.1446017632398542482405901e+06 1.5057227988665348384529352e+06
 3.1525342085623061284422874e+06 -1.1445985667520826682448387e+06 1.5058384159011207520961761e+06
 3.1524811578731406480073929e+06 -1.1445953686327224131673574e+06 1.5059540311373819131404161e+06
 3.1524281034766309894621372e+06 -1.1445921688817769754678011e+06 1.5060696445752133149653673e+06
 3.1523750453728050924837589e+06 -1.1445889674992482177913189e+06 1.5061852562145085539668798e+06
 3.1523219835616913624107838e+06 -1.1445857644851384684443474e+06 1.5063008660551593638956547e+06
 3.1522689180433209985494614e+06 -1.1445825598394488915801048e+06 1.5064164740970602724701166e+06
 3.1522158488177205435931683e+06 -1.1445793535621832124888897e+06 1.5065320803401037119328976e+06
 3.1521627758849188685417175e+06 -1.1445761456533423624932766e+06 1.5066476847841830458492041e+06
 3.1521096992449457757174969e+06 -1.1445729361129284370690584e+06 1.5067632874291923362761736e+06
 3.1520566188978301361203194e+06 -1.1445697249409439973533154e+06 1.5068788882750237826257944e+06
 3.1520035348435998894274235e+06 -1.1445665121373913716524839e+06 1.5069944873215719126164913e+06
 3.1519504470822843722999096e+06 -1.1445632977022724226117134e+06 1.5071100845687286928296089e+06
 3.1518973556139119900763035e+06 -1.1445600816355885472148657e+06 1.5072256800163877196609974e+06
 3.1518442604385674931108952e+06 -1.1445568639373218175023794e+06 1.5073412736644095275551081e+06
 3.1517911615574858151376247e+06 -1.1445536446070105303078890e+06 1.5074568655119668692350388e+06
 3.1517380589711954817175865e+06 -1.1445504236444679554551840e+06 1.5075724555586550850421190e+06
 3.1516849526797221042215824e+06 -1.1445472010497008450329304e+06 1.5076880438043605536222458e+06
 3.1516318426830945536494255e+06 -1.1445439768227119930088520e+06 1.5078036302489764057099819e+06
 3.1515787289813426323235035e+06 -1.1445407509635095484554768e+06 1.5079192148923927452415228e+06
 3.1515256115744924172759056e+06 -1.1445375234720972366631031e+06 1.5080347977344982791692019e+06
 3.1514724904625727795064449e+06 -1.1445342943484801799058914e+06 1.5081503787751845084130764e+06
 3.1514193656456125900149345e+06 -1.1445310635926639661192894e+06 1.5082659580143401399254799e+06
 3.1513662371236407198011875e+06 -1.1445278312046544160693884e+06 1.5083815354518562089651823e+06
 3.1513131048966832458972931e+06 -1.1445245971844559535384178e+06 1.5084971110876228194683790e+06
 3.1512599689647713676095009e+06 -1.1445213615320734679698944e+06 1.5086126849215303082019091e+06
 3.1512068293279316276311874e+06 -1.1445181242475137114524841e+06 1.5087282569534685462713242e+06
 3.1511536859861914999783039e+06 -1.1445148853307806421071291e+06 1.5088438271833267062902451e+06
 3.1511005389395812526345253e+06 -1.1445116447818805463612080e+06 1.5089593956109969876706600e+06
 3.1510473881881297565996647e+06 -1.1445084026008180808275938e+06 1.5090749622363673988729715e+06
 3.1509942337318616919219494e+06 -1.1445051587875981349498034e+06 1.5091905270593296736478806e+06
 3.1509410755708096548914909e+06 -1.1445019133422267623245716e+06 1.5093060900797734502702951e+06
 3.1508879137049978598952293e+06 -1.1444986662647090852260590e+06 1.5094216512975883670151234e+06
 3.1508347481344575062394142e+06 -1.1444954175550499930977821e+06 1.5095372107126647606492043e+06
 3.1507815788592160679399967e+06 -1.1444921672132555395364761e+06 1.5096527683248941320925951e+06
 3.1507284058793010190129280e+06 -1.1444889152393299154937267e+06 1.5097683241341640241444111e+06
 3.1506752291947421617805958e+06 -1.1444856616332789417356253e+06 1.5098838781403668690472841e+06
 3.1506220488055660389363766e+06 -1.1444824063951070420444012e+06 1.5099994303433909080922604e+06
 3.1505688647118038497865200e+06 -1.1444791495248218998312950e+06 1.5101149807431281078606844e+06
 3.1505156769134802743792534e+06 -1.1444758910224263090640306e+06 1.5102305293394678737968206e+06
 3.1504624854106260463595390e+06 -1.1444726308879267890006304e+06 1.5103460761323000770062208e+06
 3.1504092902032686397433281e+06 -1.1444693691213277634233236e+06 1.5104616211215141229331493e+06
 3.1503560912914359942078590e+06 -1.1444661057226355187594891e+06 1.5105771643070024438202381e+06
 3.1503028886751560494303703e+06 -1.1444628406918540131300688e+06 1.5106927056886530481278896e+06
 3.1502496823544590733945370e+06 -1.1444595740289906971156597e+06 1.5108082452663565054535866e+06
 3.1501964723293716087937355e+06 -1.1444563057340483646839857e+06 1.5109237830400038510560989e+06
 3.1501432585999234579503536e+06 -1.1444530358070337679237127e+06 1.5110393190094847232103348e+06
 3.1500900411661406978964806e+06 -1.1444497642479513306170702e+06 1.5111548531746889930218458e+06
 3.1500368200280526652932167e+06 -1.1444464910568071063607931e+06 1.5112703855355065315961838e+06
 3.1499835951856891624629498e+06 -1.1444432162336059845983982e+06 1.5113859160918274428695440e+06
 3.1499303666390767320990562e+06 -1.1444399397783535532653332e+06 1.5115014448435432277619839e+06
 3.1498771343882437795400620e+06 -1.1444366616910544689744711e+06 1.5116169717905428260564804e+06
 3.1498239021374108269810677e+06 -1.1444333836037553846836090e+06 1.5117324987375424243509769e+06
 3.1497706698865778744220734e+06 -1.1444301055164563003927469e+06 1.5118480256845420226454735e+06
 3.1497174376357449218630791e+06 -1.1444268274291572161018848e+06 1.5119635526315416209399700e+06
 3.1496642053849119693040848e+06 -1.1444235493418581318110228e+06 1.5120790795785412192344666e+06
 3.1496109731340790167450905e+06 -1.1444202712545590475201607e+06 1.5121946065255408175289631e+06
 3.1495577408832460641860962e+06 -1.1444169931672599632292986e+06 1.5123101334725404158234596e+06
 3.1495045086324131116271019e+06 -1.1444137150799608789384365e+06 1.5124256604195400141179562e+06
 3.1494512763815801590681076e+06 -1.1444104369926617946475744e+06 1.5125411873665396124124527e+06
 3.1493980441307472065091133e+06 -1.1444071589053627103567123e+06 1.5126567143135392107069492e+06
 3.1493448118799142539501190e+06 -1.1444038808180636260658503e+06 1.5127722412605388090014458e+06


EPHEM_RATES
 -1.4188847659960174496518448e+03 8.1745834755384208847317495e+01 3.1188329762980806663108524e+03
 -1.4188847659960174496518448e+03 8.1745834755384208847317495e+01 3.1188329762980806663108524e+03
 -1.4188847659960174496518448e+03 8.1745834755384208847317495e+01 3.1188329762980806663108524e+03
 -1.4188847659960174496518448e+03 8.1745834755384208847317495e+01 3.1188329762980806663108524e+03
 -1.4188847659960174496518448e+03 8.1745834755384208847317495e+01 3.1188329762980806663108524e+03
 -1.4188847659960174496518448e+03 8.1745834755384208847317495e+01 3.1188329762980806663108524e+03
 -1.4188847659960174496518448e+03 8.1745834755384208847317495e+01 3.1188329762980806663108524e+03
 -1.4188847659960174496518448e+03 8.1745834755384208847317495e+01 3.1188329762980806663108524e+03
 -1.4188847659960174496518448e+03 8.1745834755384208847317495e+01 3.1188329762980806663108524e+03
 -1.4188847659960174496518448e+03 8.1745834755384208847317495e+01 3.1188329762980806663108524e+03
 -1.4188847659960174496518448e+03 8.1745834755384208847317495e+01 3.1188329762980806663108524e+03
 -1.4189348475245080862805480e+03 8.1767766345707642017259786e+01 3.1188089714903458116168622e+03
 -1.4190350062356080798053881e+03 8.1811631062777181000456039e+01 3.1187609580620387532690074e+03
 -1.4191351562674876731762197e+03 8.1855498862098755807892303e+01 3.1187129370206002931809053e+03
 -1.4192352976326892530778423e+03 8.1899369756214596804966277e+01 3.1186649083785732727847062e+03
 -1.4193354303374837854789803e+03 8.1943243720040243260882562e+01 3.1186168721265503336326219e+03
 -1.4194355543881422363483580e+03 8.1987120762982371502403112e+01 3.1185688282582605097559281e+03
 -1.4195356697595805144374026e+03 8.2031000891312075395944703e+01 3.1185207767893821255711373e+03
 -1.4196357764392560056876391e+03 8.2074884086216044920547574e+01 3.1184727177293216300313361e+03
 -1.4197358744522534834686667e+03 8.2118770375914266423933441e+01 3.1184246510310449593816884e+03
 -1.4198359638111148797179339e+03 8.2162659747864523751559318e+01 3.1183765767321797284239437e+03
 -1.4199360445158404218091164e+03 8.2206552186389032499391760e+01 3.1183284948389964483794756e+03
 -1.4200361165350745977775659e+03 8.2250447716572253398226167e+01 3.1182804053232757723890245e+03
 -1.4201361798750883735920070e+03 8.2294346325871941871810122e+01 3.1182323082006946606270503e+03
 -1.4202362345546948745322879e+03 8.2338248001745881765600643e+01 3.1181842034869314375100657e+03
 -1.4203362805613523960346356e+03 8.2382152763007411522266921e+01 3.1181360911569013296684716e+03
 -1.4204363179138738360052230e+03 8.2426060612792099391299416e+01 3.1180879712106043371022679e+03
 -1.4205363465809039098530775e+03 8.2469971529151024469683762e+01 3.1180398436699897501966916e+03
 -1.4206363665749845495156478e+03 8.2513885540304215737705817e+01 3.1179917084942953806603327e+03
 -1.4207363779149293350201333e+03 8.2557802624302766503205930e+01 3.1179435657368248939746991e+03
 -1.4208363805756539477442857e+03 8.2601722778011136938403070e+01 3.1178954153724948810122442e+03
 -1.4209363745697000922518782e+03 8.2645646023378191102892742e+01 3.1178472573824910796247423e+03
 -1.4210363598845260639791377e+03 8.2689572338455064937079442e+01 3.1177990918013051668822300e+03
 -1.4211363365326737948635127e+03 8.2733501735783974595506152e+01 3.1177509186038523694151081e+03
 -1.4212363045266856715898030e+03 8.2777434205958243751410919e+01 3.1177027377964041079394519e+03
 -1.4213362638477481141308090e+03 8.2821369764655671019681904e+01 3.1176545493820954106922727e+03
 -1.4214362144958615772338817e+03 8.2865308405605119901338185e+01 3.1176063533609271871682722e+03
 -1.4215361564584832194668707e+03 8.2909250113128820203201030e+01 3.1175581497360340108571108e+03
 -1.4216360897544270756043261e+03 8.2953194896633448252032395e+01 3.1175099384980103423004039e+03
 -1.4217360144087770095211454e+03 8.2997142774932328279646754e+01 3.1174617196437193342717364e+03
 -1.4218359303650931906304322e+03 8.3041093719805473938322393e+01 3.1174134931951107319036964e+03
 -1.4219358376484601649281103e+03 8.3085047734388410844985629e+01 3.1173652591521840804489329e+03
 -1.4220357362839622510364279e+03 8.3129004846901167979922320e+01 3.1173170174773131293477491e+03
 -1.4221356262339729710220126e+03 8.3172965029123744784556038e+01 3.1172687681924467142380308e+03
 -1.4222355075173056775383884e+03 8.3216928284191666875813098e+01 3.1172205113069912840728648e+03
 -1.4223353801339599158382043e+03 8.3260894618376084963529138e+01 3.1171722468272178048209753e+03
 -1.4224352440902073340112111e+03 8.3304864037948078703266219e+01 3.1171239747217709918913897e+03
 -1.4225351140604520878696349e+03 8.3348830776619280413797242e+01 3.1170757036102954771195073e+03
 -1.4226350280978076625615358e+03 8.3392779887191863963380456e+01 3.1170274558116825573961250e+03
 -1.4227349770589917170582339e+03 8.3436714875218001452594763e+01 3.1169792259923510755470488e+03
 -1.4228349268416914128465578e+03 8.3480649060541679773450596e+01 3.1169309942101608612574637e+03
 -1.4229348758216885926231043e+03 8.3524583076545297899428988e+01 3.1168827594836830030544661e+03
 -1.4230348239550855851121014e+03 8.3568516923228870041384653e+01 3.1168345218505442062451039e+03
 -1.4231347712983222209004452e+03 8.3612450597456842160681845e+01 3.1167862812982025388919283e+03
 -1.4232347178325856020819629e+03 8.3656384099229200046465849e+01 3.1167380378078441935940646e+03
 -1.4233346635453328872245038e+03 8.3700317428545943698736664e+01 3.1166897913982829777523875e+03
 -1.4234346084679200430400670e+03 8.3744250588542641366984753e+01 3.1166415420757898573356215e+03
 -1.4235345525439070115680806e+03 8.3788183576083739012574370e+01 3.1165932898372288946120534e+03
 -1.4236344958171914640843170e+03 8.3832116394304776463286544e+01 3.1165450346543802879750729e+03
 -1.4237344382940443665575003e+03 8.3876049040070213891340245e+01 3.1164967765586002315103542e+03
 -1.4238343799431106617703335e+03 8.3919981507108929008609266e+01 3.1164485155373454290383961e+03
 -1.4239343208020166002825135e+03 8.3963913817369828507253260e+01 3.1164002516062946597230621e+03
 -1.4240342608268645108182682e+03 8.4007845945768437445622112e+01 3.1163519847560405651165638e+03
 -1.4241342000364677460311214e+03 8.4051777907982554438603984e+01 3.1163037149646343095810153e+03
 -1.4242341384496394312009215e+03 8.4095709700876625447563129e+01 3.1162554422665675701864529e+03
 -1.4243340760475666684214957e+03 8.4139641308772866068466101e+01 3.1162071666398910565476399e+03
 -1.4244340128427913896302925e+03 8.4183572766162384937160823e+01 3.1161588880846043139172252e+03
 -1.4245339488165002421737881e+03 8.4227504038554073417799373e+01 3.1161106066163861214590725e+03
 -1.4246338839686934534256579e+03 8.4271435129083485549017496e+01 3.1160623222226931829936802e+03
 -1.4247338183244551146344747e+03 8.4315366075377298216153577e+01 3.1160140349035264080157503e+03
 -1.4248337518587011345516657e+03 8.4359296842944402783359692e+01 3.1159657446714277284627315e+03
 -1.4249336845777024791459553e+03 8.4403227425513662751654920e+01 3.1159174515138543029024731e+03
 -1.4250336164940013077284675e+03 8.4447157841898430774563167e+01 3.1158691554214005918765906e+03
 -1.4251335475887842676456785e+03 8.4491088095234260890720179e+01 3.1158208564222859422443435e+03
 -1.4252334778934070982359117e+03 8.4535018172978922734728258e+01 3.1157725544976965466048568e+03
 -1.4253334073639716734760441e+03 8.4578948071996876478806371e+01 3.1157242496444978314684704e+03
 -1.4254333360130206074245507e+03 8.4622877807965878105278534e+01 3.1156759418846381777257193e+03
 -1.4255332639032649240107276e+03 8.4666807374614833747727971e+01 3.1156276311804908800695557e+03
 -1.4256331909406378599669551e+03 8.4710736756265959002121235e+01 3.1155793175696830985543784e+03
 -1.4257331171439527679467574e+03 8.4754665971732592311127519e+01 3.1155310010428074747323990e+03
 -1.4258330425759206718794303e+03 8.4798595030421395790654060e+01 3.1154826815653732410282828e+03
 -1.4259329671738305478356779e+03 8.4842523904112368882124429e+01 3.1154343591906845176708885e+03
 -1.4260328909627669418114237e+03 8.4886452605347741950936324e+01 3.1153860338873864748165943e+03
 -1.4261328139740853657713160e+03 8.4930381146669731151632732e+01 3.1153377056554782029706985e+03
 -1.4262327361325324091012590e+03 8.4974309506129429792053998e+01 3.1152893745075029983127024e+03
 -1.4263326459243446606706129e+03 8.5018242405874943301569147e+01 3.1152410331971886989776976e+03
 -1.4264325318169451293215388e+03 8.5062184640172134209024080e+01 3.1151926744688580583897419e+03
 -1.4265324053052843282785034e+03 8.5106131533906278718859539e+01 3.1151443055781892326194793e+03
 -1.4266322779971919771924149e+03 8.5150078361793745784780185e+01 3.1150959338122147528338246e+03
 -1.4267321499428373954287963e+03 8.5194025136376737350474286e+01 3.1150475591803419774805661e+03
 -1.4268320211045934229332488e+03 8.5237971870197497992194258e+01 3.1149991816700280651275534e+03
 -1.4269318914636471617995994e+03 8.5281918531900473112727923e+01 3.1149508012781375327904243e+03
 -1.4270317610701672492723446e+03 8.5325865121485634290365851e+01 3.1149024180234841878700536e+03
 -1.4271316298990695941029117e+03 8.5369811679715240870791604e+01 3.1148540318715768080437556e+03
 -1.4272314979503535141702741e+03 8.5413758178369263873719319e+01 3.1148056428537706779025029e+03
 -1.4273313652114775322843343e+03 8.5457704595498825028698775e+01 3.1147572509857432123681065e+03
 -1.4274312317012545463512652e+03 8.5501650971866141048849386e+01 3.1147088562330045533599332e+03
 -1.4275310974322269430558663e+03 8.5545597301200118067754374e+01 3.1146604585861468876828440e+03
 -1.4276309623667677897174144e+03 8.5589543564687403431889834e+01 3.1146120580608480850060005e+03
 -1.4277308265362330530479085e+03 8.5633489774870241717508179e+01 3.1145636546790574357146397e+03
 -1.4278306899343513123312732e+03 8.5677435922341942386992741e+01 3.1145152484219620419025887e+03
 -1.4279305525423094422876602e+03 8.5721382003966951401707774e+01 3.1144668392770186073903460e+03
 -1.4280304143726493748545181e+03 8.5765328041694175453812932e+01 3.1144184272849897752166726e+03
 -1.4281302754379137240903219e+03 8.5809274026116938216546259e+01 3.1143700123957069081370719e+03
 -1.4282301357192889099678723e+03 8.5853219941557455285874312e+01 3.1143215946028990401828196e+03
 -1.4283299952167749324871693e+03 8.5897165803693511065830535e+01 3.1142731739849541554576717e+03
 -1.4284298539554561102704611e+03 8.5941111612525105556414928e+01 3.1142247504791621395270340e+03
 -1.4285297119102483520691749e+03 8.5985057361781130680356000e+01 3.1141763240855225376435556e+03
 -1.4286295690811514305096352e+03 8.6029003051461586437653750e+01 3.1141278948291201231768355e+03
 -1.4287294254807077322766418e+03 8.6072948678430904578817717e+01 3.1140794627005475376790855e+03
 -1.4288292811089170299965190e+03 8.6116894261502437757371808e+01 3.1140310276841273662284948e+03
 -1.4289291359595083577005425e+03 8.6160839791269509646554070e+01 3.1139825897861310295411386e+03
 -1.4290289900262105220463127e+03 8.6204785248918781803695310e+01 3.1139341490410492951923516e+03
 -1.4291288433341080690297531e+03 8.6248730650128038632828975e+01 3.1138857054049844919063617e+03
 -1.4292286958393031000014162e+03 8.6292676004303942249862303e+01 3.1138372588904790063679684e+03
 -1.4293285475668799335835502e+03 8.6336621292633168422980816e+01 3.1137888095069392875302583e+03
 -1.4294283985481945364881540e+03 8.6380566518251256979965547e+01 3.1137403572386874657240696e+03
 -1.4295282487393490100657800e+03 8.6424511703107114612976147e+01 3.1136919021076723765872885e+03
 -1.4296280981403431269427529e+03 8.6468456825251834629852965e+01 3.1136434440982166051981039e+03
 -1.4297279467762614331149962e+03 8.6512401881549877202814969e+01 3.1135949832165911175252404e+03
 -1.4298277946408327352401102e+03 8.6556346881407890236914682e+01 3.1135465194596604305843357e+03
 -1.4299276417277862947230460e+03 8.6600291837368132519259234e+01 3.1134980528148821576905902e+03
 -1.4300274872908591987652471e+03 8.6644237015952867864143627e+01 3.1134495828589560915133916e+03
 -1.4301273150815979988692561e+03 8.6688188653783996073798335e+01 3.1134010998841995387920178e+03
 -1.4302271191236318372830283e+03 8.6732149024139943094269256e+01 3.1133526003192137068253942e+03
 -1.4303269157030410951847443e+03 8.6776111818281080445558473e+01 3.1133040937744790426222607e+03
 -1.4304267115487302817200543e+03 8.6820074483864388525944378e+01 3.1132555842603719611361157e+03
 -1.4305265066042593389283866e+03 8.6864037002076543103612494e+01 3.1132070718270624638535082e+03
 -1.4306263009072547447431134e+03 8.6907999360375313813165121e+01 3.1131585564149736455874518e+03
 -1.4307260944702586584753590e+03 8.6951961599522945789431105e+01 3.1131100380429202232335228e+03
 -1.4308258872556448295654263e+03 8.6995923694434978301615047e+01 3.1130615167109008325496688e+03
 -1.4309256792634128032659646e+03 8.7039885635704735022954992e+01 3.1130129924126454170618672e+03
 -1.4310254705311895122576971e+03 8.7083847439010014568339102e+01 3.1129644651669664199289400e+03
 -1.4311252610276194445759756e+03 8.7127809116893033092310361e+01 3.1129159349644583016925026e+03
 -1.4312250507464311795047252e+03 8.7171770637998221786801878e+01 3.1128674018019842151261400e+03
 -1.4313248397377938090357929e+03 8.7215732014867811017211352e+01 3.1128188656638672000553925e+03
 -1.4314246279515384685510071e+03 8.7259693253772923071664991e+01 3.1127703265814629958185833e+03
 -1.4315244153688518053968437e+03 8.7303654345306867412546126e+01 3.1127217845390932779991999e+03
 -1.4316242020649872301873984e+03 8.7347615308282996693378664e+01 3.1126732395304870806285180e+03
 -1.4317239879897756509308238e+03 8.7391576123887986682348128e+01 3.1126246915775932393444236e+03
 -1.4318237731494882609695196e+03 8.7435536788986254919109342e+01 3.1125761406521919525403064e+03
 -1.4319235575629384129570099e+03 8.7479497319255585807695752e+01 3.1125275867636896691692527e+03
 -1.4320233411862284356175223e+03 8.7523457702153777404419088e+01 3.1124790299371707078535110e+03
 -1.4321231240695269661955535e+03 8.7567417947087463403477159e+01 3.1124304701350092727807350e+03
 -1.4322229061814787201001309e+03 8.7611378057192240476069856e+01 3.1123819073697463863936719e+03
 -1.4323226875346258566423785e+03 8.7655338029332526161852002e+01 3.1123333416507894071401097e+03
 -1.4324224681101550231687725e+03 8.7699297838423859730028198e+01 3.1122847729718673690513242e+03
 -1.4325222479331503109278856e+03 8.7743257506415176294467528e+01 3.1122362013486576870491263e+03
 -1.4326220270098833680094685e+03 8.7787217048984217626639293e+01 3.1121876267529401047795545e+03
 -1.4327218053027274891064735e+03 8.7831176444182105456093268e+01 3.1121390491847155317373108e+03
 -1.4328215828493089247785974e+03 8.7875135695144393821465201e+01 3.1120904686784742807503790e+03
 -1.4329213596433567090571159e+03 8.7919094808142190800026583e+01 3.1120418852154029991652351e+03
 -1.4330211356535155573510565e+03 8.7963053767497726198598684e+01 3.1119932987704178231069818e+03
 -1.4331209108985985949402675e+03 8.8007012588888770210360235e+01 3.1119447093842804861196782e+03
 -1.4332206853848770151671488e+03 8.8050971281722013372927904e+01 3.1118961170444490562658757e+03
 -1.4333204591186217840004247e+03 8.8094929824048534783287323e+01 3.1118475217352452091290615e+03
 -1.4334202321061040947824949e+03 8.8138888225275010768200445e+01 3.1117989234598053371882997e+03
 -1.4335200042971550828951877e+03 8.8182846479130333250395779e+01 3.1117503222212644686806016e+03
 -1.4336197757294014536455506e+03 8.8226804591885610307144816e+01 3.1117017180415718939912040e+03
 -1.4337195464216563323134324e+03 8.8270762566676410187938018e+01 3.1116531109050492887035944e+03
 -1.4337694315765149895014474e+03 8.8292741522716241320267727e+01 3.1116288065889575591427274e+03
 -1.4337694315765149895014474e+03 8.8292741522716241320267727e+01 3.1116288065889575591427274e+03
 -1.4337694315765149895014474e+03 8.8292741522716241320267727e+01 3.1116288065889575591427274e+03
 -1.4337694315765149895014474e+03 8.8292741522716241320267727e+01 3.1116288065889575591427274e+03
 -1.4337694315765149895014474e+03 8.8292741522716241320267727e+01 3.1116288065889575591427274e+03
 -1.4337694315765149895014474e+03 8.8292741522716241320267727e+01 3.1116288065889575591427274e+03
 -1.4337694315765149895014474e+03 8.8292741522716241320267727e+01 3.1116288065889575591427274e+03
 -1.4337694315765149895014474e+03 8.8292741522716241320267727e+01 3.1116288065889575591427274e+03
 -1.4337694315765149895014474e+03 8.8292741522716241320267727e+01 3.1116288065889575591427274e+03
 -1.4337694315765149895014474e+03 8.8292741522716241320267727e+01 3.1116288065889575591427274e+03
 -1.4337694315765149895014474e+03 8.8292741522716241320267727e+01 3.1116288065889575591427274e+03


DT_QUAT 4.6332644628099176054014663e-02
T0_QUAT -3.2432851195335388183593750e+00
NUMBER_OF_QUATERNIONS  141
QUATERNIONS
 -1.5438322874371546156169188e-01 -8.1255597342277363637208509e-01 -2.2004229604543248943748779e-01 5.1720406855755607367086668e-01
 -1.5438457959503984473492721e-01 -8.1256769396874550803744341e-01 -2.2004071926463686370567530e-01 5.1718591297978577792093802e-01
 -1.5438593044636422790816255e-01 -8.1257941451471737970280174e-01 -2.2003914248384123797386280e-01 5.1716775740201548217100935e-01
 -1.5438728129768861108139788e-01 -8.1259113506068925136816006e-01 -2.2003756570304561224205031e-01 5.1714960182424518642108069e-01
 -1.5438863214901299425463321e-01 -8.1260285560666112303351838e-01 -2.2003598892224998651023782e-01 5.1713144624647489067115202e-01
 -1.5438998300033737742786855e-01 -8.1261457615263299469887670e-01 -2.2003441214145436077842533e-01 5.1711329066870459492122336e-01
 -1.5439133385166176060110388e-01 -8.1262629669860486636423502e-01 -2.2003283536065873504661283e-01 5.1709513509093429917129470e-01
 -1.5439268470298614377433921e-01 -8.1263801724457673802959334e-01 -2.2003125857986310931480034e-01 5.1707697951316400342136603e-01
 -1.5439403555431052694757454e-01 -8.1264973779054860969495167e-01 -2.2002968179906748358298785e-01 5.1705882393539370767143737e-01
 -1.5439538640563491012080988e-01 -8.1266145833652048136030999e-01 -2.2002810501827185785117535e-01 5.1704066835762341192150870e-01
 -1.5439673725695929329404521e-01 -8.1267317888249235302566831e-01 -2.2002652823747623211936286e-01 5.1702251277985311617158004e-01
 -1.5439808810828367646728054e-01 -8.1268489942846422469102663e-01 -2.2002495145668060638755037e-01 5.1700435720208282042165138e-01
 -1.5439944076403730455204766e-01 -8.1269662102085682420238300e-01 -2.2002336662233906716679144e-01 5.1698620195630595741675961e-01
 -1.5440079522446481519182271e-01 -8.1270834365936972520927384e-01 -2.2002177373510869995421046e-01 5.1696804704251630990796684e-01
 -1.5440215148981129011929170e-01 -8.1272006734370427771807499e-01 -2.2002017279564650698020500e-01 5.1694989246070666144561301e-01
 -1.5440350956032158902253570e-01 -8.1273179207356061048983520e-01 -2.2001856380460937945287014e-01 5.1693173821086990660234051e-01
 -1.5440486943624096016769442e-01 -8.1274351784863996250862783e-01 -2.2001694676265456940278398e-01 5.1691358429299760768316219e-01
 -1.5440623111781479059878563e-01 -8.1275524466864323969161887e-01 -2.2001532167043910681591967e-01 5.1689543070708143801539336e-01
 -1.5440759460528824531522218e-01 -8.1276697253327057079985707e-01 -2.2001368852862107639012379e-01 5.1687727745311229377023210e-01
 -1.5440895989890690565005116e-01 -8.1277870144222352788432318e-01 -2.2001204733785745260021827e-01 5.1685912453108051600736417e-01
 -1.5441032699891632518074402e-01 -8.1279043139520235072836840e-01 -2.2001039809880634789962528e-01 5.1684097194097644578647532e-01
 -1.5441169590556227952937718e-01 -8.1280216239190850036067104e-01 -2.2000874081212551391928400e-01 5.1682281968278931394422671e-01
 -1.5441306661909079411820755e-01 -8.1281389443204277167609462e-01 -2.2000707547847297984588977e-01 5.1680466775650724109425482e-01
 -1.5441443913974742252470662e-01 -8.1282562751530618161410757e-01 -2.2000540209850683037728913e-01 5.1678651616211934705091835e-01
 -1.5441581346777830119343378e-01 -8.1283736164139974711417835e-01 -2.2000372067288506694460182e-01 5.1676836489961353038324887e-01
 -1.5441718960342995514700704e-01 -8.1284909681002404102656556e-01 -2.2000203120226702324657708e-01 5.1675021396897657943725335e-01
 -1.5441856754694818776307841e-01 -8.1286083302088107949145979e-01 -2.2000033368731058969203218e-01 5.1673206337019550460354367e-01
 -1.5441994729857980162002207e-01 -8.1287257027367165740372457e-01 -2.1999862812867462813493091e-01 5.1671391310325665013891694e-01
 -1.5442132885857057233991441e-01 -8.1288430856809679170282834e-01 -2.1999691452701797267366146e-01 5.1669576316814580518865796e-01
 -1.5442271222716821843512491e-01 -8.1289604790385783239514694e-01 -2.1999519288299954067333886e-01 5.1667761356484764867502690e-01
 -1.5442409740461873757233491e-01 -8.1290778828065612948705621e-01 -2.1999346319727866583271236e-01 5.1665946429334741463179625e-01
 -1.5442548439116901559664541e-01 -8.1291952969819269991802457e-01 -2.1999172547051454307265317e-01 5.1664131535362889380280649e-01
 -1.5442687318706624366448921e-01 -8.1293127215616922676133527e-01 -2.1998997970336661711421300e-01 5.1662316674567576590959561e-01
 -1.5442826379255739088769417e-01 -8.1294301565428706002336412e-01 -2.1998822589649447145632166e-01 5.1660501846947159965139917e-01
 -1.5442965620788962066711747e-01 -8.1295476019224743868818450e-01 -2.1998646405055738428657719e-01 5.1658687052499818737061332e-01
 -1.5443105043331012415919190e-01 -8.1296650576975182378447471e-01 -2.1998469416621582728232909e-01 5.1656872291223843163265883e-01
 -1.5443244646906653660956010e-01 -8.1297825238650189838551796e-01 -2.1998291624412905087559977e-01 5.1655057563117334762381461e-01
 -1.5443384431540610468580610e-01 -8.1299000004219901249769009e-01 -2.1998113028495802634409984e-01 5.1653242868178428359726695e-01
 -1.5443524397257671343375307e-01 -8.1300174873654484919427432e-01 -2.1997933628936230943118346e-01 5.1651428206405114451627014e-01
 -1.5443664544082599809904366e-01 -8.1301349846924120257085633e-01 -2.1997753425800259385880508e-01 5.1649613577795461250019571e-01
 -1.5443804872040181597192543e-01 -8.1302524923998908956690457e-01 -2.1997572419153946232661667e-01 5.1647798982347381535618069e-01
 -1.5443945381155216312052403e-01 -8.1303700104849085938951703e-01 -2.1997390609063338651196773e-01 5.1645984420058743680215230e-01
 -1.5444086071452509112411633e-01 -8.1304875389444775102276708e-01 -2.1997207995594514340353953e-01 5.1644169890927449362294510e-01
 -1.5444226942956879033985729e-01 -8.1306050777756189162914779e-01 -2.1997024578813587081249636e-01 5.1642355394951233726885675e-01
 -1.5444367995693170092508240e-01 -8.1307226269753485325963993e-01 -2.1996840358786659552770004e-01 5.1640540932127843021248736e-01
 -1.5444509229686190221464415e-01 -8.1308401865406843000982917e-01 -2.1996655335579845536031485e-01 5.1638726502455001288183212e-01
 -1.5444650644960836172181473e-01 -8.1309577564686486006451105e-01 -2.1996469509259283792168560e-01 5.1636912105930277139265172e-01
 -1.5444792241541938082605157e-01 -8.1310753367562560445236386e-01 -2.1996282879891126960103520e-01 5.1635097742551305799452166e-01
 -1.5444934019454417684080738e-01 -8.1311929274005279033588067e-01 -2.1996095447541549883219147e-01 5.1633283412315589266938787e-01
 -1.5445075978723105114553960e-01 -8.1313105283984854487755456e-01 -2.1995907212276705200437732e-01 5.1631469115220629539919628e-01
 -1.5445218119372919329812532e-01 -8.1314281397471455115066874e-01 -2.1995718174162792735160110e-01 5.1629654851263773185365835e-01
 -1.5445360441428782061201730e-01 -8.1315457614435338040692614e-01 -2.1995528333266037290805173e-01 5.1627840620442477792551017e-01
 -1.5445502944915617815624387e-01 -8.1316633934846638265270258e-01 -2.1995337689652652568561564e-01 5.1626026422754012212834596e-01
 -1.5445645629858328895522845e-01 -8.1317810358675624016200345e-01 -2.1995146243388863371848174e-01 5.1624212258195678604266732e-01
 -1.5445788496281889767836049e-01 -8.1318986885892519111962429e-01 -2.1994953994540905606314141e-01 5.1622398126764657000364878e-01
 -1.5445931544211247143927324e-01 -8.1320163516467525166575570e-01 -2.1994760943175079015432516e-01 5.1620584028458160741337224e-01
 -1.5446074773671358837390244e-01 -8.1321340250370832691828582e-01 -2.1994567089357616729294875e-01 5.1618769963273225531708022e-01
 -1.5446218184687202090721314e-01 -8.1322517087572698812891758e-01 -2.1994372433154835144719641e-01 5.1616955931206953689382999e-01
 -1.5446361777283773575319969e-01 -8.1323694028043413961626129e-01 -2.1994176974633020127392058e-01 5.1615141932256325407735176e-01
 -1.5446505551486078289258330e-01 -8.1324871071753124240899524e-01 -2.1993980713858501951918356e-01 5.1613327966418365289058556e-01
 -1.5446649507319104577263147e-01 -8.1326048218672097878112481e-01 -2.1993783650897608117347204e-01 5.1611514033689898095502713e-01
 -1.5446793644807899070769963e-01 -8.1327225468770603100665539e-01 -2.1993585785816666122727270e-01 5.1609700134067792998138202e-01
 -1.5446937963977463992293337e-01 -8.1328402822018863727038251e-01 -2.1993387118682053427143330e-01 5.1607886267548830350193612e-01
 -1.5447082464852868177729306e-01 -8.1329580278387147984631156e-01 -2.1993187649560169694140654e-01 5.1606072434129790504897528e-01
 -1.5447227147459172136301220e-01 -8.1330757837845668589693560e-01 -2.1992987378517347973883034e-01 5.1604258633807387202097061e-01
 -1.5447372011821428050559746e-01 -8.1331935500364727076316740e-01 -2.1992786305620010134376230e-01 5.1602444866578212057106612e-01
 -1.5447517057964726960861412e-01 -8.1333113265914569467440742e-01 -2.1992584430934558614723073e-01 5.1600631132438834480780088e-01
 -1.5447662285914154356447625e-01 -8.1334291134465441786005613e-01 -2.1992381754527437487389818e-01 5.1598817431385857190662136e-01
 -1.5447807695694801277674912e-01 -8.1335469105987656668332875e-01 -2.1992178276465099151515403e-01 5.1597003763415716370843711e-01
 -1.5447953287331780969360295e-01 -8.1336647180451460137362574e-01 -2.1991973996813996006238767e-01 5.1595190128524870409876257e-01
 -1.5448099060850226105223726e-01 -8.1337825357827131522725495e-01 -2.1991768915640561021795918e-01 5.1593376526709677776239005e-01
 -1.5448245016275263807870033e-01 -8.1339003638084939051822175e-01 -2.1991563033011329864052641e-01 5.1591562957966485836180937e-01
 -1.5448391153632032302134292e-01 -8.1340182021195206463204386e-01 -2.1991356348992768809935683e-01 5.1589749422291553138109066e-01
 -1.5448537472945711446215000e-01 -8.1341360507128179779812172e-01 -2.1991148863651388545292775e-01 5.1587935919681138230430406e-01
 -1.5448683974241461669407727e-01 -8.1342539095854160535736810e-01 -2.1990940577053724735989704e-01 5.1586122450131355332558769e-01
 -1.5448830657544443401008039e-01 -8.1343717787343461367299824e-01 -2.1990731489266299170104446e-01 5.1584309013638340868368459e-01
 -1.5448977522879861479232488e-01 -8.1344896581566339399671506e-01 -2.1990521600355694697981335e-01 5.1582495610198209057273289e-01
 -1.5449124570272915191182506e-01 -8.1346075478493151678094364e-01 -2.1990310910388466414389086e-01 5.1580682239806929789693868e-01
 -1.5449271799748826028420012e-01 -8.1347254478094188634429429e-01 -2.1990099419431172189653978e-01 5.1578868902460461853820561e-01
 -1.5449419211332807155834246e-01 -8.1348433580339751802767978e-01 -2.1989887127550439283041328e-01 5.1577055598154764037843734e-01
 -1.5449566805050110596120305e-01 -8.1349612785200131614971042e-01 -2.1989674034812861647125715e-01 5.1575242326885639698730301e-01
 -1.5449714580925941187494743e-01 -8.1350792092645685116281129e-01 -2.1989460141285072092287578e-01 5.1573429088648925500137921e-01
 -1.5449862538985578708228275e-01 -8.1351971502646691636329024e-01 -2.1989245447033692326677112e-01 5.1571615883440369287882277e-01
 -1.5450010679254330692167230e-01 -8.1353151015173519322587481e-01 -2.1989029952125355160674758e-01 5.1569802711255663396627824e-01
 -1.5450159001757418630873531e-01 -8.1354330630196480811378024e-01 -2.1988813656626760018042432e-01 5.1567989572090477956578525e-01
 -1.5450307506520172262654000e-01 -8.1355510347685922045712914e-01 -2.1988596560604567464736192e-01 5.1566176465940405382326617e-01
 -1.5450456193567882468009600e-01 -8.1356690167612133457453183e-01 -2.1988378664125493577863324e-01 5.1564363392801004781773599e-01
 -1.5450605062925856780786660e-01 -8.1357870089945472091841339e-01 -2.1988159967256196147822322e-01 5.1562550352667735342748756e-01
 -1.5450754114619411061504195e-01 -8.1359050114656350505271121e-01 -2.1987940470063435660641460e-01 5.1560737345536045150851123e-01
 -1.5450903348673916681832452e-01 -8.1360230241715003618452329e-01 -2.1987720172613919866755339e-01 5.1558924371401371189449492e-01
 -1.5451052765114670073387515e-01 -8.1361410471091888396699687e-01 -2.1987499074974423129980039e-01 5.1557111430259006112919451e-01
 -1.5451202363967081465645492e-01 -8.1362590802757261965183488e-01 -2.1987277177211694834113587e-01 5.1555298522104242575636590e-01
 -1.5451352145256480596913207e-01 -8.1363771236681547982527718e-01 -2.1987054479392487138511569e-01 5.1553485646932351027516006e-01
 -1.5451502109008291574454574e-01 -8.1364951772835092391744638e-01 -2.1986830981583629918141298e-01 5.1551672804738424282788856e-01
 -1.5451652255247858014364226e-01 -8.1366132411188241135846511e-01 -2.1986606683851880883473484e-01 5.1549859995517688382449251e-01
 -1.5451802584000601248348516e-01 -8.1367313151711406771227075e-01 -2.1986381586264089338378369e-01 5.1548047219265191731807363e-01
 -1.5451953095291945383671361e-01 -8.1368493994374913036438102e-01 -2.1986155688887065728920334e-01 5.1546234475975949429482625e-01
 -1.5452103789147317303154239e-01 -8.1369674939149183590103576e-01 -2.1985928991787673236757428e-01 5.1544421765644887756252501e-01
 -1.5452254665592116134043010e-01 -8.1370855986004542170775267e-01 -2.1985701495032763941317455e-01 5.1542609088267044015196916e-01
 -1.5452405724651843699213316e-01 -8.1372037134911423539307407e-01 -2.1985473198689206575373589e-01 5.1540796443837222362560624e-01
 -1.5452556966351932432601757e-01 -8.1373218385840195843172751e-01 -2.1985244102823875422814126e-01 5.1538983832350193647897640e-01
 -1.5452708390717842523720549e-01 -8.1374399738761260536534792e-01 -2.1985014207503686400890786e-01 5.1537171253800795334143459e-01
 -1.5452859997775075795445332e-01 -8.1375581193644996869096531e-01 -2.1984783512795535997952356e-01 5.1535358708183720555240370e-01
 -1.5453011787549106315076131e-01 -8.1376762750461806295021461e-01 -2.1984552018766367886826174e-01 5.1533546195493629138439928e-01
 -1.5453163760065449783276392e-01 -8.1377944409182101370703322e-01 -2.1984319725483122964782012e-01 5.1531733715725125399842454e-01
 -1.5453315915349619125152003e-01 -8.1379126169776272448075360e-01 -2.1984086633012739353532083e-01 5.1529921268872769246627286e-01
 -1.5453468253427138368039095e-01 -8.1380308032214743185761563e-01 -2.1983852741422213461497392e-01 5.1528108854931109483743512e-01
 -1.5453620774323537090388925e-01 -8.1381489996467915037925422e-01 -2.1983618050778500063735521e-01 5.1526296473894506178226038e-01
 -1.5453773478064378177343485e-01 -8.1382672062506211663190925e-01 -2.1983382561148617773127967e-01 5.1524484125757441521642477e-01
 -1.5453926364675210636256963e-01 -8.1383854230300090026872795e-01 -2.1983146272599549120307927e-01 5.1522671810514231172106747e-01
 -1.5454079434181616781174284e-01 -8.1385036499819896071983294e-01 -2.1982909185198348800405199e-01 5.1520859528159190787732769e-01
 -1.5454232686609165048352565e-01 -8.1386218871036120070527886e-01 -2.1982671299012046528531528e-01 5.1519047278686525004331997e-01
 -1.5454386121983451629624540e-01 -8.1387401343919163476670064e-01 -2.1982432614107672019798656e-01 5.1517235062090482866636876e-01
 -1.5454539740330086594610748e-01 -8.1388583918439505460185046e-01 -2.1982193130552307724911998e-01 5.1515422878365169090386644e-01
 -1.5454693541674671686259046e-01 -8.1389766594567514168545586e-01 -2.1981952848413030543461844e-01 5.1513610727504710595781034e-01
 -1.5454847526042844729765591e-01 -8.1390949372273702078217639e-01 -2.1981711767756939579498976e-01 5.1511798609503101076256826e-01
 -1.5455001693460226896981169e-01 -8.1392132251528448438904206e-01 -2.1981469888651142263746863e-01 5.1509986524354367531941534e-01
 -1.5455156043952494870907799e-01 -8.1393315232302265727071244e-01 -2.1981227211162754353601656e-01 5.1508174472052370429508983e-01
 -1.5455310577545286476741637e-01 -8.1394498314565566499112492e-01 -2.1980983735358902708689754e-01 5.1506362452591092360165703e-01
 -1.5455465294264292275272510e-01 -8.1395681498288863231493906e-01 -2.1980739461306739168655611e-01 5.1504550465964282768283056e-01
 -1.5455620194135175071714627e-01 -8.1396864783442546276148732e-01 -2.1980494389073440553161731e-01 5.1502738512165802120534863e-01
 -1.5455775277183625426857816e-01 -8.1398048169997094802852189e-01 -2.1980248518726172579640377e-01 5.1500926591189288838990024e-01
 -1.5455930543435361657067517e-01 -8.1399231657923021288070231e-01 -2.1980001850332128721099423e-01 5.1499114703028459061329158e-01
 -1.5456085992916102078709173e-01 -8.1400415247190749390426845e-01 -2.1979754383958508001661869e-01 5.1497302847676962311851412e-01
 -1.5456241625651553905917979e-01 -8.1401598937770780484157740e-01 -2.1979506119672512221008276e-01 5.1495491025128314888092973e-01
 -1.5456397441667465986192553e-01 -8.1402782729633593739038133e-01 -2.1979257057541426445546051e-01 5.1493679235376044189820277e-01
 -1.5456553440989589942589078e-01 -8.1403966622749679427073488e-01 -2.1979007197632441372725509e-01 5.1491867478413655412339267e-01
 -1.5456709623643671847048608e-01 -8.1405150617089483411348283e-01 -2.1978756540012833742281373e-01 5.1490055754234520524192931e-01
 -1.5456865989655499404875627e-01 -8.1406334712623540372788966e-01 -2.1978505084749869191718119e-01 5.1488244062832044800614995e-01
 -1.5457022539050863096932176e-01 -8.1407518909322340583401001e-01 -2.1978252831910843889673401e-01 5.1486432404199489187845984e-01
 -1.5457179271855528424062243e-01 -8.1408703207156352110729358e-01 -2.1977999781563059555899997e-01 5.1484620778330159041047409e-01
 -1.5457336004660193751192310e-01 -8.1409887504990363638057715e-01 -2.1977746731215275222126593e-01 5.1482809152460828894248834e-01
 -1.5457492737464859078322377e-01 -8.1411071802824375165386073e-01 -2.1977493680867490888353188e-01 5.1480997526591498747450260e-01
 -1.5457649470269524405452444e-01 -8.1412256100658386692714430e-01 -2.1977240630519706554579784e-01 5.1479185900722168600651685e-01
 -1.5457806203074189732582511e-01 -8.1413440398492398220042787e-01 -2.1976987580171922220806380e-01 5.1477374274852838453853110e-01
 -1.5457962935878855059712578e-01 -8.1414624696326409747371144e-01 -2.1976734529824137887032975e-01 5.1475562648983508307054535e-01
 -1.5458119668683520386842645e-01 -8.1415808994160421274699502e-01 -2.1976481479476353553259571e-01 5.1473751023114178160255960e-01
 -1.5458276401488185713972712e-01 -8.1416993291994432802027859e-01 -2.1976228429128569219486167e-01 5.1471939397244848013457386e-01
 -1.5458433134292851041102779e-01 -8.1418177589828444329356216e-01 -2.1975975378780784885712762e-01 5.1470127771375517866658811e-01
 -1.5458589867097516368232846e-01 -8.1419361887662455856684574e-01 -2.1975722328433000551939358e-01 5.1468316145506187719860236e-01
 -1.5458746599902181695362913e-01 -8.1420546185496467384012931e-01 -2.1975469278085216218165954e-01 5.1466504519636857573061661e-01


SCAN_DURATION 5.6062500000000001776356839e+00
INT_TIME 9.3437500000000001131907068e-05

ALONG_SCAN_PIXEL_SIZE  1.1994000835855445075139869e-02
CROSS_SCAN_PIXEL_SIZE  1.2000000000000000249800181e-02

CENTER_GP 4.2744485712594126880503609e-01 -3.2680519098939342370613304e-01 0.0000000000000000000000000e+00
SENSOR_POSITION 4.2557068846495033076493542e-01 -3.4816039779181551239162218e-01 2.8793789863259746925905347e+05
MOUNTING_ANGLES 0.0000000000000000000000000e+00 0.0000000000000000000000000e+00 0.0000000000000000000000000e+00

TOTAL_LINES 60000
TOTAL_SAMPLES 20000




IKCODE  -74699
ISIS_Z_DIRECTION  1.0000000000000000000000000e+00
OPTICAL_DIST_COEF 0.0000000000000000000000000e+00 0.0000000000000000000000000e+00 0.0000000000000000000000000e+00
ITRANSS 0.0000000000000000000000000e+00 0.0000000000000000000000000e+00 -8.3333333333333001746723312e+01
ITRANSL 7.7498249999999998181010596e+03 8.3333333333333001746723312e+01 0.0000000000000000000000000e+00
DETECTOR_SAMPLE_ORIGIN 1.0000500000000000000000000e+04
DETECTOR_LINE_ORIGIN 0.0000000000000000000000000e+00
DETECTOR_LINE_OFFSET  0.0000000000000000000000000e+00
DETECTOR_SAMPLE_SUMMING  1.0000000000000000000000000e+00
STARTING_SAMPLE 1.0000000000000000000000000e+00
STARTING_LINE 1.0000000000000000000000000e+00
STARTING_EPHEMERIS_TIME 4.0153544132299000024795532e+08
CENTER_EPHEMERIS_TIME 4.0153544412606829404830933e+08
